0.01161 0.02059 0.01467 -0.03110 -0.02015
0.02057 0.00527 0.02464 -0.03478 -0.05070
0.02413 0.02147 0.01698 0.07995 0.07741
0.00178 -0.02444 0.00928 -0.05090 -0.06668
-0.00329 0.01820 0.00789 -0.11102 -0.08522
0.02745 0.03037 0.03326 -0.04098 -0.03824
-0.00512 -0.00853 -0.01339 0.09797 0.09404
0.00635 -0.02223 0.04351 -0.17104 -0.18473
-0.00553 -0.01840 -0.00060 -0.06038 -0.07976
0.03207 0.02999 0.03865 -0.04325 -0.04471
0.01559 0.00025 0.01725 -0.01335 -0.02759
0.01391 0.00973 0.01920 -0.06212 -0.06731
0.02607 0.04001 0.03219 -0.06751 -0.04955
0.00466 0.00411 0.01665 -0.10502 -0.10616
0.00492 0.01684 0.01305 -0.09510 -0.07916
-0.00027 -0.03082 -0.00878 0.10732 0.06187
-0.00165 0.00976 -0.00523 0.05091 0.06905
0.00251 -0.00494 -0.00296 0.06483 0.05486
0.02230 0.00755 0.02003 0.02979 0.00650
0.03441 0.05084 0.03711 -0.02428 -0.00649
0.02302 0.03414 0.02919 -0.07001 -0.05580
0.03338 0.03742 0.01698 0.16511 0.17112
0.02497 0.03742 0.03144 -0.04152 -0.03363
0.03701 0.02408 0.05303 -0.09989 -0.10823
0.04122 0.07168 0.03861 0.03173 0.06879
0.03440 0.03876 0.02755 0.06987 0.07556
0.01878 0.03416 0.01508 0.03969 0.05852
