0.02095 0.02822 0.02317 0.02742 -0.06125 -0.07179 0.04636 -0.02503 0.00757 -0.03870
0.01403 0.01674 0.02558 0.02729 -0.12035 -0.02304 -0.08143 -0.06906 -0.09827 -0.01621
0.00518 0.00585 0.00278 0.00827 -0.03066 -0.00631 0.03014 -0.03745 -0.02368 -0.05535
-0.01582 -0.01155 -0.02064 -0.01228 -0.03331 -0.04210 0.08695 -0.03570 0.00689 -0.07778
0.04511 0.02017 0.01864 0.02316 0.18317 0.21062 0.01371 0.01190 -0.02568 -0.03919
0.05498 0.03774 0.04906 0.04857 0.06323 0.17797 -0.11703 -0.02875 -0.10745 0.00485
0.01628 0.02147 0.01534 0.01315 0.03775 -0.05759 0.07276 0.05791 0.10231 0.02740
-0.01729 -0.01324 -0.02383 -0.02231 0.04428 -0.03457 0.09914 0.03640 0.08010 -0.01424
0.04168 0.03875 0.04194 0.03797 0.04296 0.03342 -0.03850 0.03117 0.00947 0.04763
0.06237 0.07657 0.07354 0.06810 -0.04493 -0.10683 0.02350 0.03447 0.06814 0.04326
-0.00979 -0.00762 0.00263 -0.00556 -0.04630 -0.02391 -0.10831 0.01724 -0.02238 0.08712
-0.03464 -0.04129 -0.03743 -0.03893 0.05335 0.08390 -0.04736 0.00634 -0.02893 0.01836
0.05463 0.05000 0.05963 0.05770 -0.02647 0.04229 -0.08361 -0.02530 -0.06678 0.01635
-0.02697 -0.01629 -0.00190 0.00386 -0.25560 -0.08476 -0.11326 -0.13379 -0.16174 -0.04712
-0.01959 -0.00503 -0.00902 -0.00681 -0.13953 -0.15401 0.04559 -0.03044 0.01920 -0.02532
-0.03360 -0.02900 -0.02820 -0.02589 -0.09560 -0.05315 -0.00933 -0.04482 -0.03788 -0.02854
0.06016 0.04879 0.05461 0.05134 0.09713 0.11776 -0.06212 0.02226 -0.02728 0.03640
0.00630 0.01289 -0.00112 -0.00869 0.14251 -0.06251 0.13101 0.13838 0.20375 0.07126
0.03846 0.06468 0.05448 0.05586 -0.17016 -0.25110 0.10070 -0.00488 0.08498 -0.01369
0.01791 0.02016 0.02331 0.01754 0.00332 -0.02050 -0.02971 0.03162 0.02391 0.05346
0.03133 0.03396 0.04117 0.03273 -0.01557 -0.03181 -0.07974 0.03986 0.01394 0.09023
0.01369 -0.00370 -0.01092 0.01030 0.03927 0.20338 0.08675 -0.15766 -0.16521 -0.25076
0.06283 0.02104 0.03833 0.04539 0.08558 0.20562 -0.08178 -0.04381 -0.11935 -0.03379
0.01717 0.01392 0.02438 0.02001 -0.02730 0.03115 -0.10181 -0.01216 -0.05805 0.04246
-0.00249 -0.01048 -0.00653 -0.00609 0.02512 0.05622 -0.02632 -0.00832 -0.03010 -0.00300
-0.01800 -0.01980 -0.02164 -0.02268 0.06289 0.02296 0.02297 0.03248 0.03736 0.01351
-0.01380 -0.01574 -0.01006 -0.02615 0.11205 0.01784 -0.05204 0.11922 0.09517 0.14604
