0.01545 0.01132 0.01219 0.01440 0.01033 0.04187 -0.00859 -0.01875 -0.03061 -0.02144
0.00323 0.00392 0.00797 0.00575 -0.02269 -0.00617 -0.03706 -0.00312 -0.01643 0.02041
-0.00051 0.00087 -0.00289 0.00188 -0.02453 -0.01416 0.03884 -0.02876 -0.01049 -0.04913
-0.00324 -0.00817 -0.00951 -0.00857 0.04202 0.03907 0.01071 0.00671 0.00312 -0.00749
0.00334 0.00009 -0.00368 -0.00446 0.07726 0.03248 0.03798 0.03682 0.04558 0.00774
0.03760 0.02713 0.02824 0.03119 0.05737 0.09670 -0.01024 -0.01383 -0.03642 -0.02657
0.00938 0.00571 0.00783 0.00676 0.03114 0.04294 -0.02508 0.00632 -0.01241 0.01277
0.00521 0.00419 0.00146 0.00261 0.02182 0.00862 0.02331 0.00586 0.01334 -0.00972
0.00688 0.00969 0.00766 0.00969 -0.03298 -0.03187 0.02371 -0.01607 0.00002 -0.02415
0.07545 0.07283 0.07273 0.07168 0.02992 0.02055 0.00079 0.01283 0.00900 0.00824
0.00942 0.00640 0.00753 0.00701 0.02574 0.03203 -0.01187 0.00474 -0.00643 0.00551
-0.01486 -0.01391 -0.01278 -0.01249 -0.02777 -0.01142 -0.01301 -0.01345 -0.01656 -0.00330
-0.00138 0.00193 0.00546 0.00307 -0.03958 -0.02993 -0.03144 -0.00343 -0.01008 0.02116
-0.01019 -0.00819 -0.00718 -0.00771 -0.02114 -0.01694 -0.00836 -0.00403 -0.00406 0.00443
0.01014 0.01305 0.01173 0.01345 -0.03648 -0.03124 0.01434 -0.01658 -0.00442 -0.01908
-0.00777 -0.00908 -0.01032 -0.00818 0.00464 0.01445 0.01411 -0.01287 -0.01028 -0.02462
0.00353 -0.00181 0.00140 -0.00070 0.04856 0.05978 -0.03597 0.01411 -0.01256 0.02403
0.03293 0.02746 0.02648 0.02866 0.03943 0.05171 0.00914 -0.00463 -0.01111 -0.02004
0.01111 0.00406 0.00889 0.00715 0.04209 0.07250 -0.05042 0.00268 -0.03264 0.01863
0.00027 -0.00298 -0.00014 -0.00235 0.02697 0.03342 -0.02903 0.01189 -0.00643 0.02265
0.01744 0.01559 0.01904 0.01711 0.00356 0.02010 -0.03701 0.00246 -0.01648 0.02051
0.00625 -0.00132 -0.00195 0.00405 0.02590 0.09109 0.00760 -0.04872 -0.06358 -0.07071
0.00161 0.00768 0.00103 0.01437 -0.06755 -0.03291 0.03626 -0.05662 -0.03542 -0.07114
-0.00265 0.00124 -0.00014 -0.00182 -0.00731 -0.03497 0.01257 0.01541 0.02724 0.01492
0.00431 0.00323 0.00315 0.00463 -0.00219 0.00739 0.00057 -0.00849 -0.00964 -0.01049
0.00585 -0.00177 0.00321 -0.00234 0.08477 0.07891 -0.05168 0.04235 0.00593 0.05755
0.00331 -0.00410 -0.00272 0.00274 0.00552 0.07457 -0.01391 -0.04764 -0.06737 -0.05372
