0.00833 0.00728 0.00468 0.00634 0.02070 0.01188 0.02779 0.00116 0.01012 -0.01692
0.02476 0.04828 0.03692 0.02899 -0.04771 -0.27578 0.13258 0.11475 0.21622 0.08969
0.01692 0.02368 0.00806 0.01464 0.02574 -0.07161 0.17473 0.01616 0.10310 -0.07654
0.04721 0.03669 0.03477 0.05861 -0.08691 0.07950 0.01454 -0.15661 -0.16143 -0.18166
-0.02832 -0.03282 -0.03500 -0.03402 0.06752 0.05771 0.02672 0.01481 0.01465 -0.01142
-0.01100 -0.00720 -0.01145 -0.01194 0.00912 -0.03701 0.03977 0.02185 0.04593 0.00464
0.02812 0.00930 0.01491 0.01205 0.18051 0.20497 -0.06097 0.03601 -0.03052 0.03186
0.02790 0.01135 0.02077 0.01677 0.09500 0.13866 -0.08028 0.01417 -0.04663 0.03442
-0.00594 -0.00650 0.00249 0.00059 -0.08717 0.00713 -0.11793 -0.04488 -0.09040 0.02559
0.05206 0.03149 0.02926 0.03494 0.16002 0.19062 0.01999 -0.00210 -0.03127 -0.05188
0.03080 0.01901 0.02043 0.02141 0.09350 0.12045 -0.01428 0.00528 -0.02447 -0.00975
-0.01025 -0.01708 -0.01371 -0.00141 -0.08816 0.07269 -0.03481 -0.13131 -0.15985 -0.12166
0.00835 0.00292 0.00185 0.00084 0.07843 0.05279 0.01029 0.02753 0.02078 0.01031
-0.08709 -0.06991 -0.07974 -0.08242 -0.03905 -0.14374 0.08469 0.04347 0.10775 0.02274
-0.04171 -0.03539 -0.03493 -0.03239 -0.12622 -0.08742 -0.00598 -0.05469 -0.04202 -0.03355
0.00493 -0.00717 -0.00801 -0.00943 0.17726 0.14267 0.00994 0.05270 0.02741 0.01747
0.01135 0.00737 0.00836 0.00944 0.02628 0.04945 -0.01271 -0.01184 -0.02725 -0.01512
0.01613 0.00650 0.00270 0.00328 0.13861 0.10955 0.04294 0.03996 0.03515 -0.00625
-0.03195 -0.03389 -0.03321 -0.02994 -0.02283 0.02279 -0.00859 -0.03905 -0.04641 -0.03893
-0.01258 -0.02463 -0.01490 -0.01467 0.02468 0.13778 -0.10996 -0.04235 -0.11525 -0.00268
-0.01939 -0.02390 -0.02323 -0.02283 0.03642 0.04999 -0.00762 0.00112 -0.01202 -0.00422
-0.00782 -0.00643 -0.00649 -0.00827 0.00587 -0.01842 0.00081 0.02007 0.02380 0.02301
0.02787 0.01672 0.03852 0.01965 0.04680 0.06524 -0.13318 0.04706 -0.01657 0.11088
0.04365 0.03584 0.04730 0.04564 -0.01905 0.07977 -0.11607 -0.03586 -0.09474 0.01596
0.08816 0.07003 0.03145 0.04126 0.31567 0.12722 0.27459 0.11634 0.19580 -0.06702
-0.01430 -0.03147 -0.02976 -0.03209 0.15729 0.15566 -0.01646 0.04346 0.00570 0.02153
0.01504 0.01115 -0.00260 0.01106 0.03989 0.04182 0.14931 -0.04795 0.00093 -0.13915
