0.00969 0.00840 0.01049 0.01180 -0.02358 0.01488 -0.02360 -0.02593 -0.03838 -0.01456
0.00672 0.00532 0.00807 0.00635 0.00439 0.01635 -0.03244 0.00415 -0.01198 0.02046
0.01326 0.01470 0.01039 0.01457 -0.01638 -0.01861 0.05506 -0.02377 0.00160 -0.05214
0.00035 -0.00717 -0.00720 -0.00505 0.05218 0.07213 0.00027 -0.00601 -0.02021 -0.02069
0.00084 0.00109 -0.00469 -0.00472 0.06521 -0.00288 0.06825 0.04060 0.06808 0.00043
0.05078 0.04215 0.04335 0.04583 0.06008 0.10318 -0.01424 -0.01765 -0.04350 -0.02980
0.00490 0.00209 0.00629 0.00491 -0.00009 0.04403 -0.06627 -0.00903 -0.04405 0.02166
-0.00273 -0.00291 -0.00539 -0.00460 0.02043 0.00198 0.02786 0.00812 0.01866 -0.00871
0.01323 0.01319 0.01271 0.01169 0.02120 0.00059 0.00642 0.01797 0.02071 0.01414
0.05846 0.05804 0.05933 0.05793 0.00469 0.00367 -0.01135 0.00631 0.00100 0.01243
0.00551 0.00252 0.00264 0.00257 0.03954 0.04045 -0.00163 0.00800 -0.00069 0.00094
-0.00495 -0.00651 -0.00576 -0.00678 0.02628 0.02254 -0.01076 0.01263 0.00386 0.01458
-0.00174 0.00493 0.00493 0.00368 -0.05504 -0.06811 0.00008 -0.00085 0.01262 0.01255
-0.00605 -0.00243 -0.00358 -0.00389 -0.02090 -0.03469 0.01103 0.00267 0.01423 0.00297
0.00785 0.00891 0.00817 0.00978 -0.02611 -0.01381 0.00979 -0.01852 -0.01174 -0.02191
-0.00728 -0.00834 -0.01116 -0.00737 0.00128 0.01531 0.04181 -0.02831 -0.01455 -0.05785
0.00405 0.00131 0.00432 0.00222 0.02382 0.03453 -0.03822 0.01088 -0.01158 0.02737
0.02057 0.01758 0.01633 0.01809 0.03012 0.03696 0.01527 -0.00504 -0.00629 -0.02135
0.01003 0.00594 0.00898 0.00725 0.03582 0.05129 -0.03880 0.00936 -0.01667 0.02250
-0.00407 -0.00540 -0.00373 -0.00446 0.00519 0.01760 -0.02194 0.00001 -0.01224 0.00963
-0.00110 0.00139 0.00347 0.00117 -0.02921 -0.03203 -0.02676 0.00715 0.00287 0.02963
0.00718 0.00193 0.00000 0.00470 0.03519 0.07509 0.02721 -0.03522 -0.03918 -0.06609
-0.00206 0.00872 0.00087 0.01177 -0.07958 -0.06281 0.04644 -0.04861 -0.01751 -0.06348
-0.00148 0.00115 0.00067 -0.00101 -0.00534 -0.03074 0.00579 0.01685 0.02508 0.01955
0.00918 0.00611 0.00576 0.00591 0.02795 0.02547 0.00297 0.00575 0.00169 -0.00129
0.00500 -0.00130 0.00408 -0.00126 0.07936 0.07788 -0.06727 0.04255 -0.00041 0.06798
0.00799 -0.00105 0.00191 0.00595 0.02441 0.11002 -0.03668 -0.04881 -0.08454 -0.04918
