0.01381 0.03078 0.01349 0.00321 0.02385
0.02259 0.02447 0.02835 -0.06415 -0.06141
0.03391 0.02849 0.02832 0.08107 0.07446
0.03260 -0.00786 0.04097 -0.06507 -0.09299
-0.01090 0.01287 -0.00025 -0.10920 -0.07974
0.04018 0.04850 0.04609 -0.05315 -0.04436
0.01464 0.00189 0.00765 0.09828 0.07972
0.02574 -0.00318 0.04481 -0.11896 -0.13794
0.01206 -0.00992 0.01647 -0.06528 -0.10468
0.03775 0.03407 0.03661 0.00766 0.00471
0.01793 -0.00286 0.02066 -0.02883 -0.05398
0.01338 0.00587 0.01559 -0.03232 -0.04420
0.02006 0.03632 0.03059 -0.14630 -0.11986
0.00725 -0.00107 0.01484 -0.07524 -0.08534
0.00452 0.01835 0.00747 -0.04422 -0.01991
0.00217 -0.01772 -0.00603 0.10616 0.07525
0.00554 0.02064 0.00201 0.06090 0.08965
0.00713 0.00502 0.00092 0.08905 0.08524
0.01493 0.00518 0.01542 -0.00729 -0.02476
0.04337 0.05862 0.04763 -0.04748 -0.02704
0.03395 0.05101 0.03927 -0.07429 -0.04822
0.04366 0.05716 0.03472 0.10765 0.12559
0.02118 0.03225 0.03255 -0.08323 -0.07517
0.04523 0.03749 0.05139 -0.05081 -0.05733
0.05646 0.07508 0.05501 0.02130 0.04874
0.09732 0.09942 0.09121 0.06835 0.07145
0.01893 0.03171 0.01733 0.01992 0.03776
