0.01298 0.01950 0.02189 0.02408 -0.12452 -0.07654 -0.02715 -0.05559 -0.05150 -0.02419
0.00300 0.00426 0.01205 0.01361 -0.12415 -0.01480 -0.09212 -0.07636 -0.10960 -0.01838
0.01671 0.01965 0.01344 0.01838 -0.02132 -0.03730 0.07833 -0.02285 0.01579 -0.06281
-0.02677 -0.02434 -0.03117 -0.02420 -0.02995 -0.02784 0.07770 -0.03870 -0.00153 -0.08067
0.01976 0.00889 0.00948 0.00577 0.14432 0.11075 -0.00644 0.05836 0.03242 0.03985
0.05908 0.04173 0.04841 0.04870 0.13677 0.23342 -0.08767 -0.01088 -0.08769 -0.00379
0.01405 0.01124 0.01001 0.00731 0.11082 0.04439 0.02068 0.06644 0.06567 0.04600
-0.03028 -0.02287 -0.03469 -0.03223 0.02254 -0.08410 0.14232 0.03704 0.10820 -0.02949
0.03810 0.03206 0.03227 0.02617 0.16131 0.07782 -0.00279 0.09629 0.08199 0.08338
0.07122 0.08612 0.08146 0.07581 -0.04160 -0.13409 0.04293 0.04993 0.09697 0.05194
-0.00732 -0.00745 -0.00190 -0.00376 -0.04776 0.00173 -0.07189 -0.01905 -0.04912 0.02458
-0.01702 -0.02516 -0.01899 -0.02205 0.07424 0.11545 -0.08530 0.01422 -0.04414 0.04412
0.03248 0.03318 0.03471 0.03802 -0.05127 -0.00701 -0.01459 -0.04093 -0.04561 -0.02997
-0.04669 -0.02930 -0.02123 -0.02176 -0.23116 -0.16077 -0.07454 -0.07208 -0.07013 0.00489
-0.02650 -0.01445 -0.01602 -0.01274 -0.18478 -0.15892 0.02249 -0.06554 -0.02344 -0.04638
-0.03839 -0.03710 -0.03514 -0.03458 -0.06373 -0.02126 -0.03131 -0.03275 -0.04155 -0.00918
0.05709 0.05179 0.05304 0.04977 0.08881 0.06287 -0.01545 0.04378 0.02396 0.04058
-0.01526 -0.01176 -0.01925 -0.02188 0.08471 -0.04395 0.09332 0.08127 0.12750 0.03335
0.04039 0.06377 0.05616 0.05484 -0.16921 -0.27271 0.09465 0.01460 0.10552 0.01622
0.00469 0.00339 0.00597 0.00442 0.00322 0.01581 -0.03305 0.00321 -0.01251 0.01924
0.00505 0.01330 0.01426 0.00984 -0.06509 -0.11132 -0.01277 0.02964 0.04714 0.05955
0.01680 -0.00071 -0.00598 0.00898 0.11486 0.24423 0.07696 -0.12118 -0.14275 -0.22507
0.05188 0.01559 0.03171 0.03853 0.06855 0.18379 -0.08018 -0.04674 -0.11801 -0.03449
0.01461 0.00871 0.01790 0.01383 0.01002 0.07247 -0.11553 -0.00330 -0.06419 0.05265
-0.00996 -0.02021 -0.01546 -0.01431 0.03690 0.08498 -0.03877 -0.01628 -0.04923 -0.00962
0.00147 0.00028 0.00236 -0.00334 0.07209 0.01703 -0.02969 0.06875 0.05203 0.08452
-0.01009 -0.02021 -0.00841 -0.02252 0.13992 0.11226 -0.12877 0.10054 0.02591 0.15666
