-0.00281 0.01594 0.00702 0.01151 -0.15328 -0.21691 0.09676 -0.03104 0.04779 -0.04675
0.01617 0.03717 0.02700 0.01997 -0.05404 -0.29309 0.13778 0.12393 0.23565 0.09756
0.01218 0.02645 0.00468 0.01051 0.02271 -0.18871 0.29780 0.05945 0.21936 -0.08092
0.03212 0.02285 0.02666 0.04562 -0.12056 0.08264 -0.03328 -0.17172 -0.19507 -0.16704
-0.01238 -0.01878 -0.02327 -0.02148 0.11740 0.08429 0.05858 0.02837 0.03530 -0.02300
0.03840 0.04378 0.03460 0.03885 -0.00486 -0.05517 0.09698 0.00205 0.05316 -0.04721
0.02375 0.01297 0.02350 0.01422 0.13439 0.15578 -0.15077 0.07260 -0.01778 0.13056
0.02476 0.01248 0.01612 0.01502 0.10327 0.12930 -0.03999 0.01476 -0.02750 0.01193
0.01255 0.01474 0.01978 0.01800 -0.08790 -0.03246 -0.07619 -0.02635 -0.04982 0.02868
0.03164 0.01195 0.02013 0.01943 0.12174 0.19272 -0.07818 -0.00262 -0.07283 0.00689
0.02453 0.01283 0.01340 0.01261 0.14775 0.14981 -0.00736 0.03521 0.00288 0.00992
-0.00531 -0.01035 -0.00933 -0.00204 -0.04184 0.06489 -0.01336 -0.08926 -0.10940 -0.09446
0.01354 0.01441 0.00838 0.00713 0.07820 -0.00986 0.06699 0.05484 0.08452 0.01478
-0.06284 -0.04569 -0.05724 -0.05778 -0.04822 -0.16640 0.11323 0.03899 0.11855 0.00518
-0.03416 -0.03354 -0.03453 -0.03120 -0.04912 -0.01063 0.01668 -0.04771 -0.03986 -0.05507
0.00386 -0.00188 -0.00568 -0.00547 0.13838 0.07849 0.05437 0.04703 0.05081 -0.00312
0.00516 -0.00071 0.00435 0.00207 0.04999 0.08611 -0.07698 0.00657 -0.04298 0.03721
0.02379 0.01846 0.01568 0.01558 0.11523 0.07688 0.04135 0.04086 0.04152 0.00149
-0.01681 -0.02153 -0.02075 -0.01700 0.00265 0.06603 -0.01116 -0.04567 -0.06240 -0.05216
-0.00898 -0.01377 -0.00411 -0.00218 -0.11132 0.07409 -0.14410 -0.10607 -0.18454 -0.03042
-0.04986 -0.04975 -0.04842 -0.05004 0.00230 -0.00137 -0.01714 0.01029 0.00376 0.02092
-0.00240 -0.00723 -0.00655 -0.00747 0.08448 0.07860 -0.01080 0.02414 0.00389 0.01500
0.01894 0.01139 0.03013 0.01161 0.04544 0.04762 -0.12500 0.05622 -0.00133 0.11926
0.02788 0.02478 0.02960 0.03035 -0.02996 0.04034 -0.06087 -0.03735 -0.06780 -0.00905
0.08252 0.06222 0.02621 0.03482 0.38906 0.17075 0.30524 0.14029 0.22588 -0.07098
-0.00753 -0.01669 -0.02254 -0.02415 0.18348 0.09698 0.06754 0.07826 0.08480 0.01871
0.03255 0.02714 0.01808 0.02503 0.09487 0.07383 0.12756 -0.00565 0.02773 -0.09027
