0.07620 0.07129 0.07185 0.07608 0.00121 0.04894 -0.00568 -0.03605 -0.04793 -0.04267
0.03011 0.02456 0.03457 0.03378 -0.04827 0.07320 -0.12861 -0.05345 -0.12097 0.01025
0.05081 0.05034 0.03955 0.04510 0.06057 0.00487 0.11171 0.01075 0.05547 -0.05852
0.01765 0.01768 0.01635 0.01786 -0.00302 -0.00044 0.01896 -0.01027 -0.00260 -0.02180
0.22913 0.22094 0.21438 0.21765 0.10098 0.06701 0.05532 0.01989 0.02846 -0.02907
0.10668 0.11020 0.10707 0.10628 0.00356 -0.03211 0.02943 0.01781 0.03491 0.00713
0.02302 0.02616 0.02735 0.02933 -0.08201 -0.04057 -0.01617 -0.04409 -0.04167 -0.02661
0.05172 0.05841 0.05483 0.05329 -0.02095 -0.08548 0.04799 0.03135 0.06959 0.02096
0.10502 0.10835 0.10535 0.11018 -0.05205 -0.03291 0.02871 -0.03648 -0.01820 -0.04749
0.03536 0.03773 0.03781 0.03670 -0.01639 -0.02779 -0.00105 0.00716 0.01253 0.01388
0.12955 0.13340 0.13230 0.13528 -0.06685 -0.04524 0.01282 -0.03609 -0.02191 -0.03462
0.04917 0.04965 0.05707 0.05336 -0.05072 -0.00588 -0.08595 -0.00999 -0.04477 0.04333
0.09436 0.08177 0.08302 0.09193 0.01960 0.09661 -0.00984 -0.05697 -0.08093 -0.07246
0.03262 0.03073 0.03444 0.03058 0.01964 0.01864 -0.03922 0.02016 0.00148 0.03897
0.14062 0.12693 0.13103 0.11831 0.25047 0.15446 -0.04737 0.14773 0.09566 0.14506
0.01493 0.02001 0.02171 0.02157 -0.08098 -0.06053 -0.02009 -0.02279 -0.01952 0.00172
0.07149 0.05923 0.05494 0.05886 0.20709 0.20023 0.07073 0.01814 0.00597 -0.06468
-0.02069 -0.02398 -0.02594 -0.03266 0.11043 0.03002 0.01751 0.07793 0.07993 0.06110
0.13766 0.13457 0.14410 0.13502 0.02214 0.02686 -0.07971 0.03340 -0.00367 0.07476
0.09827 0.08952 0.09665 0.08695 0.11677 0.09048 -0.07464 0.07453 0.02721 0.10091
0.00340 -0.00009 0.00199 -0.00141 0.06004 0.04455 -0.02588 0.03555 0.01650 0.04189
0.02046 0.01702 0.01412 0.01613 0.08653 0.06673 0.05683 0.00836 0.01797 -0.04017
0.04423 0.03251 0.03786 0.04338 0.00867 0.11264 -0.05298 -0.06473 -0.11197 -0.05748
0.08052 0.08826 0.08751 0.08472 -0.03875 -0.07227 0.00696 0.01568 0.03330 0.02572
0.02696 0.00398 0.00968 0.00366 0.21659 0.21335 -0.04976 0.06498 0.00300 0.05364
0.04930 0.05201 0.05620 0.05278 -0.03542 -0.02711 -0.04350 0.00372 -0.00807 0.03556
0.03985 0.03819 0.04341 0.04041 -0.00527 0.01632 -0.04831 0.00187 -0.02088 0.02746
