0.06454 0.06696 0.06452 0.06595 -0.01284 -0.02169 0.02180 -0.00412 0.00901 -0.01299
0.03200 0.03667 0.03943 0.03465 -0.03353 -0.05852 -0.03474 0.02769 0.02530 0.06062
0.06156 0.06141 0.05453 0.05664 0.04956 0.00147 0.06902 0.02059 0.04821 -0.02124
0.02307 0.02205 0.02160 0.02226 0.01060 0.01323 0.00567 -0.00238 -0.00270 -0.00844
0.10487 0.10175 0.10053 0.10272 0.01889 0.02674 0.01070 -0.00736 -0.00854 -0.01955
0.06486 0.06215 0.06423 0.06583 -0.00923 0.02536 -0.01941 -0.02170 -0.03452 -0.01507
0.02305 0.02543 0.02533 0.02544 -0.03459 -0.03413 0.00147 -0.00751 -0.00005 -0.00154
0.04146 0.04237 0.03931 0.04086 0.00806 -0.01206 0.04090 0.00143 0.02044 -0.02103
0.08946 0.09028 0.08891 0.08778 0.01817 -0.00883 0.01460 0.01924 0.02699 0.01215
0.03965 0.03987 0.03826 0.03604 0.04000 -0.00235 0.01743 0.03449 0.04210 0.02475
0.08751 0.08837 0.08607 0.08710 0.00404 -0.00861 0.02306 0.00176 0.01259 -0.01026
0.02869 0.03446 0.03777 0.03548 -0.08593 -0.07381 -0.04249 -0.01081 -0.01292 0.02910
0.05704 0.06608 0.06470 0.06234 -0.04586 -0.07763 0.01198 0.01194 0.03263 0.02050
0.02367 0.02542 0.02560 0.02279 0.00995 -0.01997 -0.00206 0.02703 0.03009 0.03244
0.13299 0.12686 0.13103 0.12720 0.06753 0.07144 -0.04929 0.02992 -0.00409 0.04507
0.02473 0.02235 0.01848 0.02414 0.00609 0.02403 0.03900 -0.02903 -0.01820 -0.05766
0.00719 0.00530 0.00082 -0.00002 0.09073 0.02294 0.05595 0.04900 0.06632 0.01073
0.02392 0.02273 0.01926 0.02067 0.02682 0.00985 0.02844 0.00747 0.01694 -0.01160
0.04448 0.04519 0.04405 0.04180 0.02096 -0.00554 0.00867 0.02153 0.02623 0.01723
0.10689 0.10781 0.11146 0.10585 0.00918 -0.00810 -0.03212 0.02852 0.01737 0.04946
0.04992 0.04663 0.04532 0.04555 0.05029 0.03750 0.01484 0.01388 0.01231 -0.00263
0.01825 0.01274 0.01196 0.01239 0.10837 0.09982 0.01436 0.02089 0.00640 -0.00814
0.06103 0.05919 0.05499 0.05834 0.02561 0.01746 0.04069 -0.00447 0.00801 -0.03240
0.06334 0.05948 0.05950 0.06122 0.01941 0.03460 -0.00020 -0.00868 -0.01581 -0.01563
0.04992 0.05047 0.04262 0.04700 0.02494 -0.00466 0.06798 0.00188 0.03024 -0.03781
0.03876 0.03221 0.03461 0.03569 0.02835 0.06160 -0.02233 -0.01119 -0.03269 -0.00993
0.05203 0.04499 0.04557 0.04826 0.03764 0.07260 -0.00587 -0.01621 -0.03270 -0.02637
