0.02912 0.05899 0.05385 0.05220 -0.17596 -0.23981 0.04061 -0.00955 0.05223 0.01261
0.07377 0.09194 0.08920 0.08599 -0.16223 -0.23280 0.03700 0.01633 0.07763 0.04398
0.05578 0.06875 0.03641 0.05715 -0.01227 -0.11656 0.29044 -0.03517 0.10198 -0.18625
0.01306 0.00963 0.01125 0.01607 -0.03757 0.04925 -0.02181 -0.06595 -0.08185 -0.05941
0.08541 0.06477 0.06521 0.07209 0.11991 0.18474 -0.00420 -0.02780 -0.06664 -0.06446
0.07890 0.08008 0.06186 0.07574 0.03279 -0.01272 0.18790 -0.03289 0.04564 -0.14107
0.02854 0.02702 0.02917 0.02877 -0.00352 0.02264 -0.03100 -0.00876 -0.02590 0.00587
0.06079 0.04993 0.05378 0.05305 0.09245 0.12282 -0.04489 0.00704 -0.03663 0.00888
0.08743 0.08720 0.07784 0.08021 0.09023 0.00315 0.11863 0.04141 0.08725 -0.02890
0.02190 0.02061 0.01597 0.01450 0.08493 0.01461 0.05459 0.05245 0.06936 0.01733
0.07697 0.06724 0.06218 0.06796 0.09744 0.10240 0.05542 -0.00872 -0.00769 -0.06403
0.02944 0.05456 0.05698 0.05090 -0.18728 -0.22615 -0.02198 -0.00352 0.03152 0.05359
0.09142 0.07783 0.06362 0.07390 0.13610 0.10525 0.11364 0.00759 0.03067 -0.08152
0.02058 0.01747 0.01782 0.01532 0.06292 0.03857 -0.00449 0.03588 0.02584 0.03066
0.13614 0.13332 0.13547 0.13352 0.03001 0.03566 -0.02700 0.01461 -0.00237 0.02256
0.07225 0.07200 0.05969 0.07728 -0.04854 0.00234 0.11317 -0.09587 -0.04967 -0.16612
-0.03693 -0.04792 -0.03960 -0.05099 0.19352 0.13911 -0.10608 0.11426 0.04095 0.15530
0.05794 0.05004 0.04766 0.05836 -0.00360 0.06975 0.02108 -0.06718 -0.07337 -0.09281
0.00281 0.00520 0.00144 0.00233 0.00411 -0.01959 0.03190 0.00760 0.02475 -0.00768
0.10818 0.10612 0.11767 0.12079 -0.09882 0.01502 -0.08627 -0.07397 -0.11280 -0.02458
0.06071 0.05836 0.05429 0.05421 0.08368 0.03150 0.05203 0.03841 0.05317 0.00096
0.01139 0.00136 0.00786 0.00558 0.10595 0.16931 -0.11447 0.00689 -0.07546 0.04229
0.08813 0.08143 0.08083 0.07644 0.09828 0.05241 0.00497 0.05104 0.03994 0.03816
0.08080 0.05320 0.06459 0.06256 0.16756 0.25062 -0.10410 0.00652 -0.08578 0.01869
0.07902 0.07665 0.04900 0.04528 0.26565 0.01790 0.22199 0.16471 0.25762 0.03039
0.03521 0.02085 0.01353 0.02709 0.07027 0.12786 0.06359 -0.05456 -0.05357 -0.11602
0.04868 0.04307 0.03219 0.03405 0.14378 0.05670 0.11299 0.05826 0.09175 -0.01871
