0.12942 0.14605 0.13257 -0.02190 -0.00894
0.06490 0.08385 0.06177 0.03568 0.05980
0.09203 0.08537 0.07767 0.13334 0.12604
0.09667 0.08376 0.09933 -0.02708 -0.04185
0.15266 0.17857 0.16758 -0.14672 -0.11765
0.11803 0.17313 0.11665 0.01232 0.06586
0.07361 0.06645 0.07716 -0.03880 -0.04849
0.07466 0.08706 0.07661 -0.01885 -0.00393
0.14278 0.13156 0.14584 -0.03290 -0.04777
0.12271 0.11070 0.12239 0.00308 -0.01116
0.12087 0.12701 0.12406 -0.03573 -0.02810
0.04141 0.02279 0.03717 0.04535 0.02343
0.17989 0.19857 0.17551 0.03085 0.04709
0.03246 0.07133 0.03280 -0.00378 0.05080
0.07669 0.09093 0.07857 -0.01943 -0.00158
0.08402 0.10117 0.07109 0.13040 0.14985
0.11938 0.09235 0.11299 0.06203 0.03090
0.10709 0.08464 0.10101 0.07024 0.03938
0.09591 0.11508 0.08777 0.06350 0.08225
0.16029 0.16681 0.15907 0.00848 0.01407
0.16816 0.19522 0.17330 -0.04896 -0.01902
0.08383 0.07393 0.07558 0.12692 0.10994
0.05257 0.03804 0.04724 0.04692 0.03111
0.11379 0.14087 0.11524 -0.01139 0.01482
0.07736 0.08349 0.06791 0.06768 0.07333
0.11278 0.10416 0.10402 0.06879 0.06066
0.13127 0.12963 0.13376 -0.01975 -0.02143
