0.12751 0.11758 0.11983 0.05235 0.04427
0.17919 0.21258 0.17704 0.01541 0.04443
0.10890 0.15080 0.10484 0.03465 0.06585
0.16790 0.17192 0.16006 0.06528 0.06811
0.18668 0.19540 0.18662 0.00041 0.00870
0.22464 0.21897 0.22723 -0.01768 -0.02208
0.11296 0.08917 0.10393 0.09583 0.06852
0.12911 0.12753 0.13904 -0.09011 -0.09189
0.20599 0.21077 0.20770 -0.01642 -0.01107
0.19229 0.17672 0.17771 0.13030 0.11399
0.24348 0.24723 0.25326 -0.06051 -0.05814
0.17315 0.18819 0.16449 0.05027 0.05966
0.35295 0.34637 0.36044 -0.04863 -0.05372
0.05380 0.06507 0.05933 -0.05436 -0.04114
0.05706 0.07690 0.05883 -0.02167 0.00684
0.08581 0.05058 0.09132 -0.04549 -0.07875
0.14779 0.16064 0.14453 0.03241 0.04652
0.10257 0.05061 0.08223 0.16546 0.11716
0.19534 0.21112 0.19606 -0.00465 0.00757
0.21530 0.24774 0.21632 -0.00681 0.01907
0.18562 0.17964 0.19132 -0.04181 -0.04654
0.10427 0.08115 0.09926 0.05290 0.02641
0.12005 0.15129 0.12671 -0.05475 -0.02917
0.21300 0.24316 0.21993 -0.04886 -0.02769
0.22802 0.22563 0.23019 -0.01489 -0.01644
0.26735 0.31717 0.27862 -0.05587 -0.02825
0.26580 0.27208 0.26954 -0.03811 -0.03101
