0.01144 0.02216 0.02908 0.02647 -0.13184 -0.09788 -0.06141 -0.03249 -0.03890 0.02266
0.01034 0.01570 0.02164 0.00923 0.01485 -0.07255 -0.08249 0.10589 0.08809 0.16949
0.02681 0.01826 0.01837 0.01081 0.16175 0.08517 -0.00110 0.09215 0.07581 0.07576
0.01905 0.03215 0.03079 0.03309 -0.21057 -0.20111 0.01996 -0.06105 -0.01399 -0.03369
0.06126 0.05390 0.05300 0.04880 0.12890 0.08215 0.00991 0.06593 0.05351 0.04345
0.02080 0.01891 0.00629 0.00888 0.17733 0.02873 0.19180 0.08042 0.14616 -0.03858
0.03917 0.04358 0.04126 0.04766 -0.12188 -0.06336 0.03393 -0.08522 -0.05933 -0.09287
0.03046 0.02776 0.02973 0.02847 0.02758 0.03576 -0.02636 0.00850 -0.00975 0.01748
0.00689 0.00798 -0.00340 0.00202 0.06960 -0.01583 0.16889 0.01734 0.08623 -0.07847
-0.01017 -0.00947 -0.01118 -0.00537 -0.06917 -0.01002 0.02400 -0.07034 -0.05724 -0.08260
0.01885 0.02277 0.01158 0.01903 -0.00274 -0.05902 0.16637 -0.02291 0.05641 -0.11205
0.03742 0.05004 0.04904 0.05057 -0.13632 -0.12974 0.01047 -0.03604 -0.00558 -0.01604
0.02284 -0.00002 -0.01956 -0.00467 0.23777 0.20788 0.17578 0.01232 0.04064 -0.12888
-0.00260 -0.01390 -0.00575 -0.01507 0.13402 0.12862 -0.09172 0.07339 0.01278 0.10038
0.02766 0.01787 0.01782 0.02610 0.02400 0.16220 0.00086 -0.09726 -0.12912 -0.12405
0.00773 0.01541 0.00981 0.01336 -0.07280 -0.10059 0.07285 -0.02242 0.02672 -0.04582
-0.06631 -0.06680 -0.05705 -0.06367 -0.04135 0.00781 -0.15152 0.01360 -0.05008 0.10302
0.00379 -0.00305 0.00052 0.00749 -0.04344 0.08147 -0.04238 -0.09149 -0.12183 -0.08191
-0.01740 -0.02821 -0.01477 -0.01433 -0.03374 0.11274 -0.14629 -0.06942 -0.15322 -0.00496
0.02536 0.03353 0.04419 0.04445 -0.25233 -0.10018 -0.13297 -0.10652 -0.13945 -0.00334
0.07270 0.07560 0.06291 0.06920 0.04717 -0.03813 0.16563 0.00990 0.08249 -0.08396
-0.01403 -0.01510 -0.01814 -0.01165 -0.03341 0.01578 0.04471 -0.06377 -0.04853 -0.09122
0.10451 0.10769 0.11852 0.10826 -0.02704 -0.02163 -0.07103 0.02162 -0.00401 0.07141
0.06427 0.06254 0.04664 0.05781 0.09646 0.02674 0.24952 -0.01943 0.07266 -0.16903
0.02205 0.01285 -0.01737 -0.01251 0.37801 0.09218 0.31621 0.16074 0.27213 -0.05417
0.04450 0.04676 0.03965 0.05214 -0.08951 -0.02621 0.08102 -0.10045 -0.06154 -0.14439
0.03089 0.00761 0.00480 0.00695 0.25671 0.23794 0.02991 0.04481 0.00696 -0.02345
