-0.01847 -0.02906 -0.03380 -0.03463 0.16203 0.10794 0.04539 0.05693 0.05610 0.00804
0.00708 0.00209 0.01473 0.01457 -0.09252 0.06183 -0.15204 -0.07841 -0.15298 0.00196
-0.01879 -0.01705 -0.02704 -0.01424 -0.03759 -0.01397 0.08183 -0.05893 -0.02291 -0.10677
0.02181 0.01874 0.01000 0.01101 0.14081 0.03653 0.10350 0.06046 0.09508 -0.01288
0.03926 0.04182 0.03315 0.02515 0.14990 -0.02709 0.09429 0.13633 0.17663 0.08656
0.03328 0.03587 0.03370 0.04065 -0.09500 -0.03451 0.02978 -0.08178 -0.06251 -0.09176
0.01616 0.00757 0.01627 0.01754 -0.02022 0.12757 -0.12720 -0.06979 -0.14915 -0.01842
0.02884 0.02154 0.02316 0.02511 0.04677 0.09170 -0.02008 -0.01830 -0.04506 -0.02428
0.04572 0.04480 0.03765 0.04415 0.02215 0.01198 0.09768 -0.02825 0.00897 -0.09375
0.00493 0.00561 0.00190 -0.00060 0.08193 -0.01024 0.05880 0.07004 0.09421 0.03820
0.00918 0.00727 0.01082 0.01075 -0.02462 0.03085 -0.05849 -0.02683 -0.05455 0.00124
0.01945 0.02263 0.02080 0.01996 -0.00841 -0.05321 0.03016 0.02136 0.04416 0.01364
0.06203 0.04788 0.05257 0.05603 0.05371 0.13035 -0.04323 -0.03124 -0.07482 -0.03108
0.02574 0.03146 0.02957 0.02717 -0.01725 -0.06407 0.02212 0.02844 0.05081 0.02950
0.06520 0.06228 0.06657 0.06012 0.05923 0.03033 -0.04720 0.05070 0.02448 0.07707
-0.00073 -0.00618 -0.02196 -0.00797 0.09750 0.07657 0.22334 -0.04714 0.02383 -0.19064
0.02473 0.01623 0.01815 0.02421 0.00925 0.15313 -0.03517 -0.09904 -0.14379 -0.10870
-0.01322 -0.00328 -0.00512 -0.01092 -0.02803 -0.11860 0.02214 0.05974 0.09283 0.07103
0.00080 0.00612 0.01180 0.00022 0.00691 -0.06022 -0.06511 0.08346 0.07010 0.13852
0.03036 0.01098 0.02320 0.01966 0.15547 0.28018 -0.16865 0.00117 -0.12270 0.04976
-0.01784 -0.02178 -0.02175 -0.02024 0.04226 0.06802 -0.00059 -0.01267 -0.02704 -0.02562
0.00365 -0.00160 -0.00541 -0.00155 0.09025 0.09844 0.06949 -0.00916 -0.00076 -0.06650
-0.00584 -0.00652 0.00095 -0.00050 -0.04772 0.00601 -0.06519 -0.02562 -0.05380 0.01274
0.05958 0.06232 0.06955 0.06215 -0.03738 -0.04178 -0.10321 0.03619 0.00237 0.10384
0.02014 0.00606 0.00229 -0.00615 0.28182 0.16172 0.04549 0.15228 0.13678 0.09425
-0.00061 0.00916 0.00971 0.00003 -0.00901 -0.13551 -0.00745 0.10300 0.12610 0.13490
-0.02018 -0.01794 -0.01055 -0.01335 -0.07420 -0.02573 -0.08219 -0.02284 -0.05080 0.03015
