0.05394 0.05306 0.05750 -0.02822 -0.02882
0.01734 0.03902 0.01262 0.05199 0.08082
0.03280 0.05257 0.02985 0.02746 0.04395
0.04282 0.03890 0.03455 0.09668 0.09293
0.03134 0.03397 0.03781 -0.07736 -0.07315
0.11720 0.11450 0.12110 -0.03232 -0.03495
0.02898 0.02573 0.03057 -0.01804 -0.02170
0.01612 0.01084 0.02007 -0.03736 -0.04291
0.05271 0.04256 0.05081 0.02796 0.01030
0.04536 0.05485 0.04466 0.00912 0.02376
0.07653 0.07549 0.08264 -0.06150 -0.06287
0.05073 0.03566 0.05151 -0.00727 -0.02337
0.02646 0.04447 0.03469 -0.11432 -0.08443
0.02014 0.01655 0.01836 0.01830 0.01399
0.03652 0.03645 0.04063 -0.05729 -0.05793
0.03989 0.03717 0.03886 0.01520 0.01043
0.02573 0.03834 0.03615 -0.13163 -0.11403
0.02226 -0.01329 0.01853 0.04617 -0.00248
0.07713 0.07647 0.07205 0.04572 0.04512
0.03966 0.04724 0.04254 -0.02932 -0.01990
0.06032 0.03432 0.05187 0.10462 0.06984
0.03967 0.02373 0.04647 -0.08646 -0.10785
0.07839 0.10207 0.08255 -0.02308 -0.01002
0.08776 0.07532 0.08750 0.00241 -0.00888
0.04952 0.06706 0.05061 -0.01470 0.00917
0.05841 0.06612 0.06390 -0.05149 -0.04342
0.05852 0.05864 0.05898 -0.00502 -0.00490
