0.01524 0.01411 0.00800 0.01280 0.02280 0.01063 0.05641 -0.00843 0.01220 -0.04425
0.00299 -0.00062 0.00760 0.00134 0.02096 0.04538 -0.10314 0.02592 -0.02491 0.07949
0.02239 0.02007 0.01924 0.01846 0.03557 0.02152 0.00759 0.01592 0.01473 0.00711
0.02007 0.02082 0.02037 0.01852 0.02001 -0.00947 0.00576 0.02535 0.02946 0.02411
-0.00336 -0.00500 -0.00632 -0.00813 0.05045 0.01743 0.01392 0.03097 0.03296 0.01908
0.02774 0.01885 0.01863 0.02173 0.08760 0.13119 0.00343 -0.01771 -0.04209 -0.04641
0.01694 0.01573 0.01623 0.01764 -0.00989 0.01671 -0.00686 -0.02065 -0.02695 -0.02005
0.03100 0.02402 0.02542 0.02554 0.07109 0.09205 -0.01826 0.00567 -0.01984 -0.00157
0.02818 0.02653 0.02232 0.02580 0.03574 0.02479 0.06442 -0.00946 0.01102 -0.05293
0.01016 0.00609 0.00758 0.00570 0.06011 0.05470 -0.02043 0.02446 0.00529 0.02569
0.01289 0.01318 0.01426 0.01347 -0.00889 -0.00425 -0.01640 0.00118 -0.00451 0.01202
0.01790 0.02012 0.01946 0.02125 -0.04996 -0.03300 0.00973 -0.02733 -0.01678 -0.02659
0.00931 0.00522 0.00564 0.00814 0.01072 0.03794 -0.00393 -0.01796 -0.02701 -0.02320
-0.00113 -0.00099 0.00047 -0.00191 0.00937 -0.00167 -0.01732 0.01766 0.01090 0.02883
0.04724 0.04618 0.04650 0.04597 0.01654 0.01329 -0.00406 0.00707 0.00268 0.00691
0.00109 -0.00149 -0.00472 -0.00189 0.04103 0.03553 0.04467 -0.00520 0.00556 -0.03908
-0.00837 -0.00809 -0.00994 -0.00623 -0.02894 -0.00369 0.02541 -0.03626 -0.02538 -0.05073
0.00229 0.00659 0.00208 0.00608 -0.04608 -0.05222 0.05538 -0.02633 0.00616 -0.04900
-0.00416 -0.00683 -0.00554 -0.00668 0.02855 0.02912 -0.01421 0.01007 -0.00169 0.01291
0.02552 0.02592 0.02945 0.02786 -0.02959 -0.00503 -0.04380 -0.00765 -0.02412 0.01993
0.03380 0.03041 0.02971 0.03037 0.04719 0.04591 0.00918 0.00588 0.00048 -0.00891
0.00164 0.00038 -0.00088 0.00178 -0.00239 0.02133 0.02113 -0.02756 -0.02330 -0.04395
0.06402 0.06378 0.06560 0.06747 -0.02552 0.00177 -0.01326 -0.02138 -0.02717 -0.01363
0.03046 0.03091 0.02799 0.02828 0.02938 -0.00610 0.03963 0.01852 0.03545 -0.00396
0.01286 0.01884 0.00891 0.01108 0.01903 -0.06456 0.10697 0.02783 0.08365 -0.02307
0.01114 0.01409 0.01581 0.01490 -0.04744 -0.03674 -0.02125 -0.00887 -0.01011 0.01144
0.00242 -0.00148 -0.00198 -0.00090 0.03685 0.04390 0.00574 0.00000 -0.00649 -0.01217
