0.01313 0.01709 0.02455 0.02146 -0.07082 -0.03350 -0.06332 -0.01853 -0.03649 0.02629
-0.03305 -0.03100 -0.03338 -0.02846 -0.04481 -0.01973 0.02320 -0.03807 -0.02420 -0.04833
0.02951 0.03971 0.02425 0.03273 -0.03055 -0.09734 0.14377 -0.01166 0.06509 -0.07920
-0.04840 -0.04842 -0.04805 -0.04411 -0.04122 0.00013 -0.00328 -0.03873 -0.04048 -0.03783
-0.02312 -0.00757 -0.00573 -0.02037 -0.02401 -0.12792 -0.01553 0.08974 0.10848 0.12897
0.03492 0.01885 0.02019 0.02117 0.13210 0.15374 -0.01309 0.01390 -0.02104 -0.00960
0.00951 -0.00380 0.00068 -0.00183 0.13008 0.15183 -0.05245 0.02880 -0.02213 0.02929
-0.05449 -0.03589 -0.04898 -0.04532 -0.10675 -0.21061 0.14131 0.00534 0.10859 -0.04097
0.00616 -0.00297 -0.01158 -0.01891 0.20131 0.07066 0.06782 0.11410 0.12522 0.05925
0.09551 0.10860 0.09911 0.09244 0.02551 -0.11724 0.08428 0.08349 0.13630 0.05593
0.00484 0.00208 -0.00217 0.00601 -0.01172 0.02867 0.04632 -0.05275 -0.04000 -0.08481
-0.00069 -0.00107 0.00409 -0.00025 -0.00394 0.00376 -0.04777 0.01214 -0.00747 0.03841
-0.00378 0.00117 -0.00993 -0.00037 -0.02693 -0.04023 0.08855 -0.03087 0.01225 -0.07499
-0.07347 -0.04118 -0.05061 -0.06235 -0.08112 -0.24567 0.07241 0.08148 0.16106 0.08664
-0.04321 -0.03404 -0.03476 -0.03117 -0.12708 -0.09065 0.00746 -0.05221 -0.03008 -0.03867
-0.04528 -0.04678 -0.04320 -0.04531 0.00026 0.01854 -0.04432 0.00322 -0.01777 0.02615
0.05719 0.05862 0.05281 0.05066 0.05778 -0.01355 0.05455 0.04860 0.07069 0.01912
-0.03675 -0.03950 -0.03586 -0.03117 -0.05553 0.02625 -0.03396 -0.06119 -0.08120 -0.04561
0.02062 0.03981 0.03342 0.02806 -0.06581 -0.16800 0.05688 0.04744 0.10259 0.04776
-0.03987 -0.04643 -0.04386 -0.04108 0.01266 0.07205 -0.02973 -0.03305 -0.05711 -0.03043
-0.05366 -0.03442 -0.04298 -0.04229 -0.13147 -0.22302 0.09843 0.00686 0.08986 -0.00800
0.02155 0.00439 0.00062 0.00833 0.14991 0.18629 0.04169 -0.02259 -0.04328 -0.08792
0.03443 0.02265 0.02947 0.03981 -0.03366 0.06888 -0.04083 -0.07414 -0.10457 -0.06504
0.01678 0.00917 0.01408 0.01212 0.05560 0.08525 -0.05455 0.00625 -0.03407 0.02300
-0.02713 -0.04161 -0.03523 -0.03452 0.05952 0.11090 -0.05196 -0.01336 -0.05677 -0.00597
0.01434 0.01618 0.02611 0.01491 -0.00579 -0.01744 -0.09283 0.04736 0.01215 0.11032
-0.00668 -0.02652 -0.01029 -0.01617 0.09251 0.17709 -0.15033 0.00103 -0.09913 0.05803
