-0.00965 0.02080 0.01903 0.01793 -0.20639 -0.22900 0.01375 -0.02982 0.02172 0.00835
0.01125 0.02218 0.01564 0.01005 0.01119 -0.09916 0.05834 0.06708 0.11015 0.05133
0.00755 0.02771 0.00528 -0.00295 0.09094 -0.17618 0.19985 0.15468 0.26205 0.07231
-0.00288 -0.01084 0.00001 0.00594 -0.08043 0.07603 -0.09848 -0.09880 -0.15165 -0.05277
0.01020 -0.00161 -0.00721 -0.00475 0.14621 0.11600 0.05552 0.03212 0.03089 -0.02419
0.07651 0.09096 0.07331 0.08347 -0.05514 -0.10239 0.13287 -0.01903 0.05783 -0.08269
0.01511 0.01838 0.03053 0.01698 -0.02058 -0.03593 -0.13546 0.06203 0.01569 0.15046
0.02740 0.02221 0.01999 0.02041 0.06518 0.05037 0.02167 0.01854 0.01707 -0.00399
0.02963 0.03233 0.03209 0.03080 -0.01056 -0.02516 0.00222 0.00802 0.01390 0.01140
0.01359 -0.00564 0.02018 0.01781 -0.03544 0.16397 -0.21188 -0.07699 -0.19759 0.01943
0.00952 0.00285 -0.00437 -0.00746 0.18208 0.07128 0.07121 0.09039 0.11060 0.03137
0.00675 0.00753 0.00251 -0.00027 0.06675 -0.00741 0.05018 0.05482 0.07580 0.02735
0.01969 0.03083 0.01746 0.01444 0.05564 -0.11334 0.13422 0.09115 0.16833 0.03150
-0.00532 0.01585 0.00050 0.00282 -0.06894 -0.17768 0.12561 0.02210 0.10763 -0.01933
0.01110 0.00104 -0.00110 0.00262 0.10384 0.11878 0.02682 -0.00521 -0.01974 -0.04709
0.00471 0.00880 -0.00032 0.00123 0.04065 -0.04588 0.10426 0.03593 0.08644 -0.01821
-0.00679 -0.01234 0.00073 -0.00435 -0.02601 0.05638 -0.13801 -0.01750 -0.08389 0.05518
0.03718 0.04622 0.03592 0.04082 -0.03876 -0.09977 0.12094 -0.00585 0.06057 -0.05446
0.00677 -0.00123 0.00203 0.00826 -0.01521 0.08507 -0.03461 -0.06849 -0.09690 -0.06400
-0.01373 -0.00079 0.01130 0.01507 -0.32157 -0.14632 -0.13695 -0.15275 -0.17974 -0.04229
-0.09407 -0.08885 -0.08566 -0.08925 -0.04130 -0.04275 -0.02649 0.00531 0.00341 0.03077
0.00816 -0.00681 -0.00498 -0.00548 0.16665 0.17639 -0.02128 0.02863 -0.01598 0.00603
-0.00590 0.00289 0.00522 -0.00307 -0.01654 -0.05248 -0.01407 0.03057 0.03392 0.04915
0.00957 0.01548 0.00792 0.01228 -0.03028 -0.06945 0.08383 -0.01124 0.03534 -0.04736
0.05936 0.03335 0.00718 0.00849 0.40830 0.19459 0.20412 0.15445 0.19818 -0.01069
0.01408 0.02886 0.01218 0.00965 0.04252 -0.12886 0.15054 0.08938 0.18030 0.02451
0.02108 0.01513 0.01561 0.00997 0.12225 0.06943 -0.00560 0.07381 0.05970 0.06255
