0.00407 0.01701 0.00198 0.01537 0.02688
0.02940 0.03550 0.03692 -0.07184 -0.06432
0.04728 0.03068 0.04425 0.03275 0.01692
0.06310 0.03413 0.07415 -0.06843 -0.08469
-0.02232 0.00333 -0.00866 -0.11784 -0.09097
0.02315 0.04260 0.03194 -0.07622 -0.05723
0.04071 0.00983 0.03654 0.04653 0.01009
0.04384 0.01277 0.03062 0.11325 0.08478
0.02094 -0.00361 0.02341 -0.02496 -0.05473
0.04976 0.03023 0.03204 0.10737 0.09308
0.02209 -0.01302 0.02988 -0.06814 -0.10267
-0.00388 -0.01396 -0.00614 0.02279 0.01111
-0.00525 0.01970 0.00840 -0.12489 -0.09826
0.00208 -0.01932 0.00268 -0.00510 -0.02666
0.00157 0.01579 -0.00294 0.04616 0.06348
0.00146 -0.00509 -0.00471 0.05276 0.04556
0.01430 0.03632 0.00962 0.04982 0.07512
-0.00787 0.00712 -0.01232 0.04331 0.05976
-0.02606 -0.02241 -0.02294 -0.02966 -0.02530
0.03522 0.04225 0.04261 -0.07304 -0.06428
0.04971 0.07633 0.05387 -0.03725 -0.01144
0.00574 0.03547 0.01333 -0.06719 -0.03863
0.00860 0.00291 0.03000 -0.14106 -0.14451
0.05014 0.05275 0.04766 0.02325 0.02561
0.05393 0.03922 0.05133 0.02695 0.01165
0.17304 0.16978 0.17755 -0.03875 -0.04193
0.02403 0.03566 0.02576 -0.01735 -0.00434
