0.00624 0.00416 0.00876 0.00674 -0.00406 0.01686 -0.03723 -0.00263 -0.02098 0.01626
0.01498 0.00978 0.00976 0.00891 0.05640 0.04661 0.00019 0.01742 0.00801 0.00787
0.03680 0.04061 0.03472 0.03737 -0.00460 -0.03249 0.04976 0.00107 0.02666 -0.02168
0.01010 -0.00186 0.00077 0.00439 0.05058 0.10345 -0.02283 -0.02459 -0.05490 -0.03198
-0.00609 -0.00179 -0.00995 -0.00796 0.01626 -0.03662 0.06894 0.01759 0.05260 -0.01710
0.03633 0.03223 0.03600 0.03635 -0.00020 0.03333 -0.03124 -0.01506 -0.03414 -0.00299
-0.00209 -0.00724 0.00458 -0.00078 -0.01443 0.05663 -0.13129 -0.00773 -0.07158 0.05963
-0.01751 -0.01599 -0.01703 -0.01751 -0.00003 -0.01542 0.01047 0.00803 0.01538 0.00479
0.00266 -0.00455 -0.00201 -0.00845 0.08817 0.05642 -0.01999 0.05024 0.03095 0.05115
0.02740 0.03020 0.03518 0.03326 -0.04587 -0.02228 -0.03898 -0.01273 -0.02395 0.01495
-0.00435 -0.00741 -0.01182 -0.00887 0.04460 0.03010 0.04272 0.00299 0.01429 -0.02882
0.00882 0.00721 0.00636 0.00259 0.05922 0.01554 0.00806 0.04389 0.04419 0.03586
-0.00592 0.00661 0.00038 0.00152 -0.06486 -0.10766 0.05314 0.00083 0.04400 -0.00987
0.00490 0.01064 0.00797 0.00608 -0.00913 -0.04480 0.02094 0.01818 0.03574 0.01464
0.00891 0.00527 0.00566 0.00731 0.01705 0.03739 -0.00412 -0.01238 -0.02189 -0.01805
-0.00588 -0.00650 -0.01125 -0.00581 -0.00087 0.00702 0.05428 -0.02829 -0.00792 -0.06271
0.00780 0.00947 0.01010 0.00913 -0.01247 -0.01532 -0.00580 0.00240 0.00317 0.00910
0.00342 0.00491 0.00137 0.00369 -0.00260 -0.01414 0.03331 -0.00470 0.01168 -0.02206
0.01127 0.01483 0.01240 0.01187 -0.00574 -0.03464 0.02423 0.01256 0.02888 0.00526
-0.00509 -0.00048 -0.00027 -0.00010 -0.05237 -0.04875 -0.00220 -0.01285 -0.00406 -0.00187
-0.02923 -0.02156 -0.02160 -0.02452 -0.04299 -0.06882 0.00036 0.01280 0.02671 0.02658
0.00700 0.00636 0.00175 0.00377 0.03495 0.00669 0.04803 0.00925 0.02774 -0.02174
-0.00252 0.01136 0.00432 0.00789 -0.06346 -0.08411 0.04334 -0.01303 0.02098 -0.02199
0.00272 0.00487 0.00516 0.00305 -0.00379 -0.02443 -0.00323 0.01712 0.02065 0.02397
0.01083 0.00496 0.00466 -0.00057 0.09401 0.04719 0.00237 0.05379 0.04560 0.04311
0.01588 0.01634 0.01837 0.01344 0.02369 -0.00428 -0.01919 0.03475 0.02755 0.04804
0.00568 -0.00518 -0.00205 0.00165 0.03970 0.10562 -0.03110 -0.03372 -0.06773 -0.03697
