0.02416 0.01902 0.01956 0.01753 0.07879 0.05858 -0.00617 0.03189 0.01730 0.02397
0.00302 0.00456 0.00528 0.00377 -0.01341 -0.02687 -0.01243 0.01357 0.01398 0.02674
0.00697 0.00555 0.00674 0.00121 0.09025 0.02253 -0.01848 0.07944 0.06717 0.08545
0.00334 0.00430 0.00114 0.00587 -0.02889 -0.01109 0.03700 -0.03495 -0.01809 -0.05458
0.01090 0.00988 0.00598 0.00871 0.03308 0.01533 0.05857 -0.00275 0.01757 -0.04110
0.01706 0.01540 0.01302 0.01397 0.04071 0.02158 0.03084 0.01060 0.01855 -0.01247
0.00737 0.00758 0.00792 0.00801 -0.01267 -0.00407 -0.00677 -0.00670 -0.00855 -0.00182
0.00018 0.00267 0.00162 -0.00187 0.02527 -0.03107 0.01293 0.04473 0.05597 0.04292
0.00025 -0.00124 -0.00244 -0.00170 0.03469 0.02722 0.02180 0.00491 0.00813 -0.01331
0.00136 0.00078 -0.00098 0.00183 -0.00817 0.01004 0.03021 -0.02842 -0.01822 -0.04900
0.02986 0.02824 0.02790 0.02889 0.01290 0.02126 0.00444 -0.00602 -0.00846 -0.01302
0.00644 0.00853 0.00686 0.00948 -0.05847 -0.03894 0.03184 -0.03900 -0.01848 -0.05093
0.01675 0.01592 0.01428 0.01570 0.01077 0.00859 0.01689 -0.00277 0.00230 -0.01452
0.01199 0.01706 0.01693 0.01635 -0.05266 -0.06102 0.00157 -0.00435 0.00857 0.00708
0.02564 0.02363 0.02353 0.02472 0.01690 0.03675 0.00189 -0.01343 -0.02017 -0.02202
-0.00549 -0.00606 -0.00514 -0.00449 -0.01489 0.00834 -0.01368 -0.01622 -0.02351 -0.00985
0.01662 0.01687 0.01308 0.01563 0.01846 -0.00472 0.07061 -0.00609 0.02342 -0.04753
0.01935 0.01688 0.01732 0.01846 0.01404 0.03918 -0.00686 -0.01433 -0.02481 -0.01793
0.00525 -0.00292 0.00594 -0.00148 0.10047 0.12076 -0.13368 0.05604 -0.02155 0.11209
0.06485 0.06269 0.06322 0.06335 0.01767 0.02498 -0.00610 -0.00016 -0.00770 -0.00148
0.00717 0.00524 0.00798 0.00558 0.02268 0.02728 -0.03845 0.01616 -0.00484 0.03400
0.00807 0.00817 0.00877 0.00922 -0.02322 -0.00197 -0.01223 -0.01682 -0.02101 -0.00919
0.01216 0.01115 0.01048 0.01379 -0.01644 0.00999 0.00668 -0.02713 -0.02621 -0.03336
0.02860 0.02645 0.02286 0.02370 0.08194 0.03693 0.06160 0.02946 0.04662 -0.01414
0.04441 0.04126 0.03478 0.03822 0.06374 0.03288 0.06828 0.01127 0.03172 -0.03563
0.03191 0.02713 0.02893 0.02726 0.04504 0.04393 -0.01697 0.01479 -0.00124 0.01632
0.02761 0.01778 0.01634 0.02022 0.10615 0.13977 0.02062 -0.01510 -0.03482 -0.05605
