0.01382 0.01293 0.01404 -0.00273 -0.00402
0.01751 0.00947 0.01554 0.03455 0.01873
0.02434 0.03017 0.01729 0.13162 0.14301
0.00216 0.01976 0.00981 -0.08443 -0.06290
0.02306 0.02931 0.02552 -0.03844 -0.02707
0.03095 0.03978 0.03263 -0.02611 -0.01113
0.00253 0.01524 0.00440 -0.03950 -0.00607
0.02994 0.03824 0.03548 -0.05042 -0.04098
0.02947 0.02661 0.02390 0.11489 0.10726
0.04000 0.03456 0.03776 0.02645 0.01839
0.01420 0.00287 0.00563 0.15587 0.13272
0.03076 0.03179 0.02577 0.07945 0.08122
0.00122 0.00853 0.00322 -0.02306 -0.01268
0.01133 0.02766 0.00602 0.06492 0.08912
0.01855 -0.00173 0.01953 -0.01907 -0.06671
0.05870 0.06287 0.05897 -0.00363 0.00319
0.03838 0.02966 0.03039 0.13175 0.11550
0.00865 0.01457 0.00920 -0.00997 0.00278
0.03913 0.03503 0.03789 0.02340 0.01403
0.06220 0.07185 0.05921 0.03589 0.04967
0.01693 0.01978 0.02082 -0.07520 -0.06852
0.01312 0.01552 0.01511 -0.04031 -0.03454
0.02250 -0.00335 0.02255 -0.00060 -0.03471
0.05808 0.06031 0.05153 0.10890 0.11433
0.02147 0.01418 0.01738 0.06415 0.05024
0.07920 0.09418 0.08372 -0.04053 -0.02333
0.04437 0.03827 0.04941 -0.05854 -0.06799
