0.03618 0.03611 0.03307 0.03106 0.06045 0.00074 0.03403 0.04441 0.05836 0.02389
0.02477 0.01589 0.02040 0.02288 0.03303 0.15016 -0.07496 -0.05841 -0.12368 -0.04277
-0.02004 -0.01955 -0.01376 -0.02588 0.09240 -0.00774 -0.09081 0.13488 0.09846 0.19088
-0.04221 -0.03651 -0.03877 -0.03320 -0.10974 -0.06872 0.02740 -0.06515 -0.03977 -0.06798
0.03219 0.01574 0.01501 0.01753 0.20737 0.24199 0.01103 0.01755 -0.02525 -0.03642
0.04019 0.03933 0.04016 0.03815 0.03013 0.01250 -0.01245 0.02499 0.01711 0.03021
0.01251 0.00051 0.00781 0.00594 0.13148 0.26880 -0.15672 -0.00227 -0.11049 0.03714
-0.03130 -0.02228 -0.02685 -0.02684 -0.05743 -0.11809 0.05981 0.01203 0.05917 -0.00013
-0.03107 -0.02656 -0.02928 -0.03219 0.02089 -0.08407 0.05046 0.06788 0.10650 0.05424
-0.00524 -0.00773 -0.00634 -0.00327 -0.03515 0.04626 -0.02396 -0.06006 -0.07799 -0.05280
-0.01506 -0.00854 -0.00604 -0.00197 -0.18961 -0.09769 -0.03537 -0.09856 -0.09284 -0.05712
0.00968 0.01640 0.01820 0.01540 -0.10247 -0.12396 -0.03399 0.00689 0.01839 0.05109
0.05081 0.03593 0.04237 0.03631 0.13387 0.13201 -0.05575 0.04640 -0.00351 0.05460
0.00036 0.01511 0.01662 0.01855 -0.21711 -0.17588 -0.01848 -0.06991 -0.04221 -0.02352
0.04790 0.04537 0.03581 0.03717 0.17919 0.04503 0.16977 0.08358 0.14027 -0.02300
-0.01910 -0.01505 -0.01391 -0.01788 -0.01723 -0.05345 -0.01559 0.03450 0.03976 0.05687
0.02806 0.02204 0.01870 0.02392 0.07221 0.10615 0.05781 -0.03503 -0.03298 -0.09017
0.00984 0.00238 0.00939 0.00762 0.03556 0.11362 -0.10568 -0.01464 -0.07963 0.02793
0.02357 0.01272 0.02812 0.01583 0.10784 0.15839 -0.22320 0.07387 -0.04301 0.17182
0.05837 0.05317 0.05502 0.05889 -0.00678 0.06411 -0.02399 -0.05093 -0.07182 -0.05113
0.01814 0.02049 0.02429 0.01716 0.01732 -0.04100 -0.06531 0.07654 0.05940 0.12455
0.01759 0.01233 0.01350 0.01360 0.07709 0.09986 -0.02337 0.00487 -0.02498 -0.00204
0.01776 0.01040 0.00859 0.01561 0.02295 0.07956 0.01954 -0.04786 -0.05541 -0.07492
0.01516 0.01885 0.01484 0.01478 0.00669 -0.06405 0.07162 0.03067 0.07240 0.00110
0.01644 0.00326 0.00735 0.00491 0.10674 0.11553 -0.03753 0.02416 -0.01550 0.02310
0.00973 0.01722 0.01180 0.01293 -0.03717 -0.08033 0.05908 0.00703 0.04815 -0.01313
-0.00905 -0.01375 -0.01343 -0.00966 0.00865 0.06709 -0.00451 -0.04259 -0.05760 -0.05269
