-0.00077 -0.00921 0.00023 0.00081 -0.02020 0.11004 -0.12424 -0.05905 -0.12701 -0.00747
0.00237 0.01546 0.01232 0.01165 -0.15662 -0.20961 0.05003 -0.00108 0.06231 0.01118
0.01737 0.01800 0.01935 0.01383 0.05840 -0.00989 -0.02235 0.07572 0.06728 0.09315
0.02416 0.02017 0.01402 0.02894 -0.05522 0.05081 0.07760 -0.12522 -0.10515 -0.17418
0.02241 0.01455 0.01082 0.01486 0.11601 0.12154 0.05557 -0.00354 -0.00469 -0.06067
0.02352 0.03672 0.01919 0.02011 0.05245 -0.20882 0.27900 0.10834 0.25136 -0.01439
-0.01117 -0.00722 -0.01105 -0.00809 -0.06616 -0.07981 0.07520 -0.02992 0.01778 -0.06159
0.01815 0.00792 0.01532 0.00815 0.11740 0.12478 -0.08984 0.05693 -0.00275 0.08446
0.01828 0.00080 0.00821 0.01123 0.12343 0.30218 -0.13071 -0.06966 -0.18081 -0.05353
-0.00505 -0.00932 -0.00459 -0.00450 -0.00975 0.08237 -0.08853 -0.03780 -0.08708 -0.00159
0.02378 0.02679 0.02111 0.01838 0.06938 -0.03941 0.07588 0.07246 0.10889 0.03572
0.01491 0.01211 0.00977 0.01349 0.02614 0.04853 0.04324 -0.03255 -0.02654 -0.07119
0.01983 0.01448 0.01336 0.00945 0.13385 0.07287 0.01392 0.07169 0.06353 0.04795
-0.00015 0.01563 0.01003 0.01149 -0.13299 -0.18627 0.06548 -0.01448 0.04749 -0.01668
0.00378 -0.00111 0.00160 0.00348 0.00727 0.11650 -0.06225 -0.06023 -0.11627 -0.04476
-0.00651 0.00164 0.00037 0.00563 -0.20923 -0.12882 0.02077 -0.10302 -0.06890 -0.09145
0.02087 0.01939 0.01735 0.02159 -0.01508 0.03037 0.04220 -0.05669 -0.04617 -0.08890
0.01810 0.00512 0.01203 0.00747 0.18424 0.22665 -0.12572 0.05321 -0.04163 0.08127
0.03398 0.03124 0.03241 0.03113 0.05399 0.04974 -0.02156 0.02106 0.00203 0.02432
0.04987 0.05107 0.04417 0.06029 -0.13427 -0.01431 0.08268 -0.15252 -0.11891 -0.20521
-0.02783 -0.03515 -0.03199 -0.02811 0.00432 0.10709 -0.04566 -0.06450 -0.10682 -0.05869
0.00670 0.00678 0.00463 0.01142 -0.10185 -0.00150 0.04521 -0.11799 -0.10141 -0.14843
0.01000 0.01723 0.02731 0.01869 -0.08874 -0.07003 -0.09947 0.01135 -0.01453 0.08846
0.02055 0.02357 0.01046 0.01647 0.07611 -0.05473 0.23521 0.02297 0.13565 -0.11055
0.09003 0.07598 0.05453 0.05954 0.33519 0.14907 0.23724 0.11700 0.18238 -0.05639
-0.00350 0.00107 -0.00488 -0.00412 0.00677 -0.04854 0.06297 0.02034 0.05397 -0.00817
0.04376 0.03385 0.03050 0.03294 0.15899 0.14538 0.04921 0.02283 0.01342 -0.03583
