0.01655 0.00633 0.01297 0.05166 0.03374
0.02360 0.02561 0.02128 0.03431 0.03807
0.02274 0.03359 0.02158 0.01912 0.03461
0.03219 0.03630 0.04243 -0.08729 -0.08395
0.02576 0.03346 0.02730 -0.02209 -0.00869
0.04336 0.02888 0.04372 -0.00407 -0.02254
0.02536 0.01668 0.02358 0.03332 0.01623
0.06145 0.05259 0.07200 -0.09703 -0.10652
0.04312 0.05489 0.04145 0.02976 0.05512
0.02027 0.01844 0.01560 0.05044 0.04825
0.06178 0.04462 0.06450 -0.03612 -0.06225
0.02860 0.02724 0.03200 -0.04424 -0.04614
0.03936 0.04918 0.04885 -0.13872 -0.12209
0.02059 0.01215 0.02085 -0.00279 -0.01365
0.01503 0.02054 0.01620 -0.02490 -0.01108
0.04114 0.03298 0.04092 0.00350 -0.01135
0.04900 0.05044 0.04332 0.07702 0.07980
0.00961 0.01482 0.00774 0.02675 0.03503
0.04363 0.05900 0.04516 -0.02807 0.00577
0.07940 0.09102 0.08800 -0.08040 -0.06741
0.06257 0.07219 0.06250 0.00079 0.01294
0.02562 0.02970 0.02035 0.08060 0.08750
0.02724 0.00569 0.02664 0.00641 -0.01623
0.06191 0.04668 0.06310 -0.01681 -0.03820
0.05661 0.05262 0.04938 0.08891 0.08402
0.18290 0.17636 0.17633 0.04742 0.04206
0.04560 0.06130 0.04535 0.00277 0.02278
