0.27539 0.28547 0.27782 0.27565 -0.00174 -0.06513 0.04887 0.03085 0.06427 0.01410
0.11029 0.11574 0.13095 0.11473 -0.03752 -0.04823 -0.13313 0.05161 0.00862 0.13738
0.21632 0.21422 0.20339 0.20548 0.06852 0.01330 0.06616 0.03008 0.05571 -0.01290
0.13231 0.12320 0.12872 0.12734 0.05326 0.09571 -0.05727 -0.00114 -0.04459 0.01464
0.07963 0.07952 0.05960 0.06438 0.12711 0.00094 0.17387 0.06115 0.12802 -0.04065
0.17336 0.17558 0.16977 0.17016 0.02138 -0.01453 0.03619 0.01719 0.03450 -0.00250
0.14875 0.15452 0.14782 0.15160 -0.02234 -0.04848 0.05597 -0.00737 0.02340 -0.02981
0.07470 0.09441 0.07692 0.07885 -0.03036 -0.14545 0.12858 0.03389 0.11474 -0.01412
0.10915 0.10892 0.09830 0.10585 0.02498 0.00170 0.08014 -0.00860 0.02288 -0.05745
0.13581 0.12248 0.11683 0.11683 0.14810 0.10401 0.04499 0.04770 0.04391 -0.00000
0.25063 0.25596 0.24178 0.24409 0.05590 -0.04644 0.12570 0.04459 0.10219 -0.02002
0.15035 0.13839 0.14137 0.13266 0.16718 0.11195 -0.02763 0.08729 0.05428 0.08160
0.17907 0.14667 0.17337 0.16735 0.06256 0.16018 -0.13701 -0.01846 -0.11298 0.03260
0.19958 0.19237 0.20015 0.20475 -0.02918 0.04049 -0.04450 -0.04451 -0.07100 -0.02630
0.37866 0.36635 0.36170 0.36394 0.12311 0.09927 0.03829 0.02500 0.01987 -0.01893
0.03898 0.04811 0.04776 0.04466 -0.06386 -0.09034 0.00348 0.01591 0.03766 0.03468
0.16373 0.15068 0.14784 0.14564 0.17121 0.11803 0.02509 0.05981 0.04831 0.02037
0.14513 0.13630 0.13652 0.13729 0.06110 0.07465 -0.00187 0.00694 -0.00780 -0.00602
0.16950 0.14656 0.15247 0.14957 0.10285 0.13092 -0.03279 0.02101 -0.01618 0.01497
0.41883 0.43425 0.41946 0.43618 -0.12364 -0.11217 0.10300 -0.07715 -0.01402 -0.11621
0.10480 0.10593 0.10645 0.11024 -0.05306 -0.01121 -0.00508 -0.04237 -0.04322 -0.03685
0.07139 0.06252 0.05256 0.06269 0.08839 0.08791 0.10183 -0.02425 -0.00172 -0.10470
0.06568 0.07581 0.06796 0.06983 -0.03186 -0.07031 0.05433 0.00592 0.04342 -0.01411
0.27679 0.29985 0.28343 0.28698 -0.06674 -0.16012 0.11850 0.01153 0.08589 -0.02403
0.27105 0.24422 0.24891 0.23424 0.20280 0.15737 -0.02679 0.09643 0.05543 0.08034
0.14546 0.13919 0.14417 0.15441 -0.06329 0.04677 -0.03464 -0.08409 -0.10722 -0.06980
-0.04255 -0.03819 -0.03116 -0.03079 -0.07628 -0.02914 -0.04570 -0.03547 -0.04844 -0.00233
