0.17359 0.17649 0.16954 0.16863 0.02520 -0.01466 0.03488 0.02277 0.03978 0.00463
0.13514 0.13832 0.14138 0.13476 0.00299 -0.02506 -0.02399 0.03263 0.02819 0.05204
0.14927 0.14618 0.14150 0.14274 0.03831 0.01777 0.02677 0.01265 0.02010 -0.00727
0.12123 0.12513 0.11640 0.12114 0.00075 -0.03154 0.07000 -0.00228 0.03217 -0.03808
0.09490 0.09625 0.09379 0.09114 0.02303 -0.00814 0.01484 0.02350 0.03111 0.01629
0.08885 0.09015 0.08259 0.08056 0.04711 -0.00751 0.04310 0.03589 0.05434 0.01147
0.16592 0.17545 0.17007 0.17202 -0.05064 -0.07981 0.04424 -0.00524 0.02839 -0.01607
0.06300 0.06655 0.06289 0.06380 -0.00463 -0.02046 0.02096 0.00332 0.01593 -0.00521
0.09169 0.09174 0.08417 0.08765 0.03676 -0.00048 0.06853 0.00951 0.03673 -0.03173
0.08653 0.08420 0.07505 0.06758 0.14402 0.01837 0.07223 0.10370 0.12818 0.05712
0.22797 0.21959 0.21165 0.21412 0.11592 0.06857 0.06589 0.03312 0.04582 -0.02074
0.11789 0.11946 0.12453 0.11749 0.00311 -0.01219 -0.03922 0.02863 0.01535 0.05481
0.14928 0.13548 0.12944 0.12938 0.09622 0.06760 0.02914 0.03110 0.02976 0.00026
0.19818 0.19430 0.19733 0.19436 0.02044 0.02075 -0.01617 0.01032 -0.00031 0.01588
0.26536 0.25658 0.26282 0.25724 0.06933 0.07423 -0.05364 0.03077 -0.00563 0.04812
0.08249 0.08012 0.07694 0.07875 0.03659 0.02199 0.03027 0.00551 0.01330 -0.01791
0.10318 0.08905 0.08720 0.08040 0.20078 0.11908 0.01590 0.09342 0.07540 0.06021
0.11468 0.11642 0.11181 0.11271 0.01315 -0.01190 0.03173 0.01028 0.02491 -0.00609
0.18444 0.18437 0.18261 0.18412 0.00202 0.00042 0.01126 -0.00279 0.00161 -0.00954
0.37922 0.38125 0.37666 0.37616 0.01807 -0.01204 0.02708 0.01680 0.03022 0.00293
0.10862 0.10585 0.10437 0.10735 0.01120 0.02451 0.01323 -0.01373 -0.01345 -0.02664
0.06026 0.05869 0.05625 0.05844 0.01870 0.01643 0.02587 -0.00436 0.00253 -0.02289
0.03016 0.03587 0.02803 0.03141 -0.00844 -0.03704 0.05241 0.00119 0.02967 -0.02314
0.28931 0.28525 0.28503 0.28246 0.03738 0.02234 0.00122 0.01930 0.01527 0.01410
0.32241 0.32668 0.31924 0.31347 0.04521 -0.02075 0.03679 0.04696 0.06655 0.02932
0.11930 0.11112 0.10940 0.10879 0.06338 0.04965 0.01058 0.02000 0.01420 0.00378
0.04769 0.04412 0.04220 0.04580 0.01136 0.02156 0.01167 -0.01050 -0.01016 -0.02180
