0.22964 0.19962 0.22477 0.01890 0.00495
0.33873 0.36289 0.32970 0.06028 0.07982
0.33486 0.40789 0.32586 0.04767 0.08213
0.51668 0.53901 0.49587 0.12892 0.14229
0.37298 0.37886 0.35982 0.07771 0.08135
0.37973 0.35134 0.35942 0.13978 0.11810
0.27953 0.29123 0.27766 0.01193 0.01998
0.29063 0.30391 0.28888 0.00791 0.01426
0.29846 0.30155 0.30273 -0.03236 -0.02959
0.20242 0.18832 0.20467 -0.01367 -0.02406
0.43932 0.44067 0.44706 -0.04501 -0.04387
0.27772 0.31548 0.27313 0.02256 0.04374
0.22790 0.23050 0.24425 -0.07875 -0.07756
0.28661 0.22296 0.26054 0.12323 0.08702
0.16815 0.19357 0.17016 -0.01524 0.00750
0.15236 0.14392 0.16451 -0.05919 -0.06380
0.32559 0.36943 0.32156 0.02642 0.05792
0.28760 0.26626 0.28149 0.03112 0.01890
0.36602 0.35964 0.34688 0.11749 0.11317
0.31311 0.34845 0.30388 0.04047 0.05885
0.40956 0.42501 0.40392 0.03372 0.04365
0.30513 0.27912 0.30194 0.02446 0.00291
0.05467 0.00981 0.08609 -0.14110 -0.16240
0.24600 0.28965 0.26910 -0.11617 -0.09333
0.31376 0.33237 0.30494 0.03708 0.04467
0.30119 0.32329 0.32571 -0.09954 -0.09002
0.17942 0.20373 0.17002 0.06142 0.07846
