0.05039 0.06532 0.05554 0.06156 -0.05004 -0.06592 0.04367 -0.01406 0.01668 -0.02711
0.19058 0.19516 0.19865 0.19942 -0.06642 -0.03252 -0.02471 -0.02767 -0.03171 -0.00572
0.17634 0.16819 0.14757 0.15474 0.13159 0.04659 0.12401 0.04137 0.08304 -0.04484
0.11514 0.12362 0.09861 0.11772 -0.01731 -0.05891 0.17052 -0.03916 0.04002 -0.12742
0.10180 0.10096 0.09057 0.08688 0.07023 0.00395 0.04949 0.04780 0.06738 0.01747
0.14479 0.16435 0.11705 0.11699 0.16280 -0.11864 0.28954 0.14597 0.27983 0.00034
0.21290 0.23363 0.22131 0.23368 -0.18870 -0.18875 0.10444 -0.08025 -0.00044 -0.10705
0.23713 0.22907 0.24134 0.23754 -0.00277 0.05350 -0.08189 -0.01302 -0.05690 0.02539
0.07700 0.06664 0.05232 0.06964 0.06694 0.09704 0.13429 -0.06130 -0.02721 -0.15840
0.07435 0.06929 0.05924 0.04392 0.24217 0.04214 0.08407 0.18196 0.20423 0.12323
0.29580 0.28575 0.26779 0.27871 0.16684 0.09554 0.16078 0.01750 0.06757 -0.10167
0.10634 0.12894 0.13216 0.12653 -0.11280 -0.11848 -0.01678 -0.00444 0.01291 0.03097
0.19601 0.17277 0.13198 0.14225 0.25252 0.12029 0.19694 0.08941 0.14629 -0.04700
0.21825 0.18719 0.19410 0.19272 0.12771 0.15500 -0.03489 0.01732 -0.02746 0.00696
0.16790 0.14764 0.15882 0.15105 0.20148 0.23625 -0.13357 0.06109 -0.04130 0.09408
0.14170 0.14360 0.13282 0.13813 0.02968 -0.01554 0.08858 0.00647 0.04604 -0.04415
0.05329 0.02727 0.03263 0.01625 0.34539 0.23394 -0.05146 0.17326 0.10494 0.15879
0.13893 0.16537 0.15042 0.15610 -0.11717 -0.17852 0.10417 -0.01374 0.06282 -0.03949
0.18021 0.20901 0.19755 0.20527 -0.17809 -0.20130 0.07912 -0.04632 0.02589 -0.05426
0.41899 0.41162 0.42996 0.42614 -0.04420 0.04084 -0.10571 -0.03420 -0.08840 0.02390
0.11208 0.09301 0.09954 0.10466 0.07198 0.17915 -0.06175 -0.05008 -0.11116 -0.04957
0.07729 0.09009 0.08006 0.08391 -0.05798 -0.11836 0.09500 -0.00353 0.05521 -0.03451
0.01581 0.02157 0.03617 0.01973 -0.02638 -0.03609 -0.09568 0.04346 0.01220 0.11302
0.30167 0.28203 0.26151 0.26319 0.17545 0.09048 0.09360 0.06640 0.08511 -0.00762
0.40336 0.42567 0.38627 0.38204 0.11141 -0.10355 0.20384 0.12166 0.23243 0.02356
0.15323 0.14803 0.12675 0.12876 0.14655 0.03141 0.13252 0.07186 0.11708 -0.01230
0.13222 0.10860 0.07828 0.09004 0.28349 0.16302 0.21673 0.07669 0.12404 -0.08111
