0.26448 0.23425 0.26707 -0.00789 -0.01833
0.14928 0.17575 0.15696 -0.05561 -0.03383
0.24233 0.23030 0.21956 0.15164 0.14290
0.29476 0.29095 0.29664 -0.01262 -0.01543
0.34409 0.30298 0.34717 -0.01897 -0.04812
0.28509 0.28348 0.28192 0.01936 0.01834
0.20883 0.20228 0.20045 0.05282 0.04799
0.25792 0.27161 0.25393 0.01957 0.02792
0.20565 0.19347 0.20652 -0.00878 -0.02402
0.23079 0.20517 0.22577 0.02993 0.01086
0.26611 0.27571 0.26670 -0.00489 0.00394
0.11356 0.13922 0.11022 0.02249 0.04211
0.23317 0.25036 0.21832 0.08478 0.09722
0.13733 0.18114 0.13193 0.03550 0.07111
0.11490 0.12782 0.11495 -0.00062 0.01704
0.19510 0.20131 0.19176 0.02130 0.02609
0.27672 0.26396 0.26853 0.06724 0.05514
0.28408 0.24336 0.28263 0.01127 -0.02575
0.23536 0.27481 0.23058 0.02743 0.05530
0.22942 0.22804 0.22332 0.02747 0.02666
0.33063 0.33635 0.33811 -0.04830 -0.04399
0.22260 0.24425 0.20838 0.11886 0.14005
0.09674 0.08117 0.09833 -0.00825 -0.01851
0.14685 0.20008 0.14761 -0.00400 0.03053
0.17584 0.20967 0.17835 -0.01445 0.00967
0.24775 0.26817 0.23793 0.05388 0.06859
0.16025 0.13985 0.15941 0.00462 -0.00998
